100
4 5
531 988
248 801
3 6
101 795
23 374
1 484
1 5
1 4
121 221
278 711
65 221
260 505
664 928
9 221
243 502
244 543
1 9
121 122
122 483
4 10
10 120
129 934
8 65
612 920
3 5
61 766
384 504
178 729
3 485
8 10
1 122
7 302
9 789
100 1000
1 65
3 104
106 386
21 121
148 564
528 756
17 260
4 742
1 302
236 575
148 949
484 584
707 792
121 484
214 912
7 221
25 516
122 1000
1 2
7 9
21 221
3 65
431 968
4 104
558 811
304 736
1 10
121 742
3 10
7 484
303 484
321 863
1 1000
483 584
4 485
391 738
7 449
279 629
1 104
303 584
129 907
590 763
180 396
65 484
46 578
65 122
528 616
384 484
620 823
101 164
1 6
483 591
9 122
755 799
666 952
1 584
65 485
575 730
384 485
1 109
1 121
384 584
3 4
120 584
9 109
